0 0.20099 0.56426 0.10116 0.12150
0 0.87185 0.53510 0.11785 0.10337
0 0.35088 0.58088 0.09663 0.14585
0 0.65595 0.30625 0.04943 0.04525
0 0.51520 0.26540 0.03939 0.03408
0 0.58407 0.32096 0.04776 0.05187
0 0.32594 0.31550 0.03727 0.05553
0 0.59202 0.26383 0.04220 0.03410
0 0.40032 0.29372 0.03766 0.05729
0 0.38005 0.18036 0.02592 0.02044
0 0.00712 0.15038 0.01424 0.02225
0 0.98081 0.22393 0.03835 0.03465
0 0.29192 0.22494 0.02349 0.02050
0 0.35951 0.22673 0.02778 0.03202
0 0.43837 0.19536 0.03099 0.02636
0 0.16160 0.17441 0.02328 0.01532
0 0.21862 0.18684 0.01772 0.01709
0 0.92396 0.27652 0.04295 0.03390
0 0.06187 0.24312 0.03185 0.03379
0 0.35518 0.13708 0.01914 0.01662
