0 0.48374 0.57790 0.03060 0.03475
0 0.78650 0.90613 0.09247 0.11610
0 0.59224 0.56670 0.03077 0.03996
0 0.58388 0.63370 0.04331 0.05739
0 0.63039 0.87119 0.08891 0.11257
0 0.64705 0.78158 0.07686 0.10843
0 0.25616 0.64420 0.05052 0.06284
0 0.25618 0.60493 0.04260 0.03919
0 0.53854 0.49025 0.01615 0.02113
0 0.92921 0.97778 0.10799 0.04362
0 0.48406 0.47976 0.01459 0.01902
0 0.51041 0.50103 0.01954 0.02947
0 0.57187 0.45283 0.00888 0.00962
1 0.48291 0.84997 0.01559 0.05900
1 0.50283 0.91829 0.02522 0.07826
1 0.47276 0.79991 0.01658 0.05247
1 0.46109 0.75750 0.02044 0.05564
1 0.45393 0.72847 0.01165 0.04381
1 0.52662 0.97949 0.01273 0.04006
1 0.43884 0.58887 0.00882 0.02417
1 0.44937 0.70180 0.01089 0.03467
1 0.44713 0.67837 0.00940 0.03624
1 0.48890 0.91357 0.02313 0.06996
