0 0.20090 0.50775 0.20768 0.17150
0 0.17990 0.85674 0.25270 0.24576
0 0.25594 0.18951 0.07295 0.05638
0 0.91603 0.71312 0.16783 0.19305
0 0.54374 0.74884 0.23198 0.22731
0 0.49353 0.17915 0.07005 0.06075
0 0.80162 0.13413 0.05781 0.04244
0 0.97208 0.06050 0.04162 0.02983
0 0.36687 0.13162 0.05669 0.04259
0 0.39749 0.26434 0.11764 0.09203
0 0.27051 0.00677 0.03172 0.01362
0 0.26227 0.09232 0.05660 0.05295
0 0.75618 0.06624 0.04090 0.03513
0 0.87268 0.08845 0.04635 0.03504
0 0.26671 0.04957 0.03823 0.03287
0 0.84034 0.10691 0.04889 0.03809
0 0.35989 0.06161 0.04186 0.03515
0 0.99480 0.13947 0.01035 0.04745
