0 0.13378 0.71899 0.12895 0.14148
0 0.67252 0.86965 0.11271 0.15002
0 0.30079 0.86241 0.13085 0.16879
0 0.90273 0.78007 0.13058 0.13542
0 0.88292 0.58591 0.09656 0.10103
0 0.82178 0.65051 0.09354 0.10393
0 0.19238 0.28661 0.03018 0.02950
0 0.80543 0.30151 0.03178 0.03083
0 0.50776 0.60680 0.07569 0.09024
0 0.49927 0.71115 0.08539 0.11437
0 0.94112 0.36100 0.04787 0.04318
0 0.42666 0.42257 0.04767 0.05704
0 0.36702 0.57750 0.07514 0.08827
0 0.40405 0.32382 0.02977 0.03494
0 0.13783 0.33346 0.04168 0.03892
0 0.10241 0.32577 0.03595 0.03823
0 0.73214 0.26269 0.02566 0.02682
0 0.51783 0.52772 0.06002 0.07249
0 0.51879 0.40306 0.04154 0.05126
0 0.67184 0.64566 0.09527 0.13149
0 0.68241 0.40675 0.04351 0.04289
0 0.51781 0.47066 0.05639 0.06395
0 0.65887 0.22852 0.01377 0.01645
0 0.38810 0.50218 0.06521 0.07320
0 0.64363 0.53031 0.07235 0.09712
0 0.75700 0.51573 0.06637 0.08493
0 0.00335 0.37913 0.00677 0.03268
0 0.70138 0.43961 0.05200 0.06561
0 0.63128 0.20968 0.01208 0.01227
