0 0.90727 0.63033 0.10185 0.06203
0 0.76173 0.07467 0.06531 0.09076
0 0.94026 0.08410 0.07454 0.09884
0 0.01702 0.56399 0.03392 0.05236
0 0.19181 0.39587 0.09171 0.05065
0 0.98275 0.07703 0.03416 0.07301
0 0.81488 0.47573 0.09269 0.05325
0 0.74371 0.63823 0.09028 0.05883
0 0.50548 0.64140 0.10341 0.05468
0 0.61967 0.47531 0.09051 0.04840
0 0.42780 0.55880 0.08608 0.05245
0 0.81343 0.07456 0.06896 0.10001
0 0.01182 0.63239 0.02361 0.04755
0 0.23843 0.63903 0.09400 0.05066
0 0.01205 0.39554 0.02402 0.04488
0 0.62987 0.56062 0.09763 0.05709
0 0.38860 0.39765 0.09124 0.05195
0 0.23429 0.47080 0.08663 0.05613
0 0.88108 0.08335 0.09150 0.12148
0 0.70464 0.08279 0.09670 0.11746
0 0.24202 0.56076 0.08939 0.05135
0 0.65262 0.09639 0.07094 0.08659
0 0.48295 0.47100 0.10081 0.04919
0 0.51719 0.55003 0.03809 0.02431
0 0.97059 0.47628 0.05817 0.06288
0 0.62345 0.38493 0.23422 0.08090
0 0.51519 0.52072 0.03773 0.02393
