0 0.14180 0.93819 0.23689 0.12237
0 0.08618 0.74298 0.17204 0.22283
0 0.30353 0.60134 0.18053 0.20790
0 0.59395 0.91957 0.23361 0.15999
0 0.54182 0.70326 0.21379 0.27599
0 0.88853 0.74551 0.18483 0.22682
0 0.72265 0.35693 0.13525 0.15797
0 0.49515 0.50736 0.15620 0.17619
0 0.46546 0.36513 0.13079 0.15524
0 0.04365 0.17557 0.08681 0.11501
0 0.43624 0.10416 0.09489 0.12879
0 0.62977 0.17359 0.07979 0.10763
0 0.13453 0.02450 0.07146 0.04894
0 0.59163 0.08367 0.08472 0.09463
0 0.67784 0.22073 0.11995 0.15664
0 0.01700 0.47869 0.03390 0.17255
0 0.46387 0.25963 0.10918 0.13642
0 0.61018 0.13748 0.08594 0.11208
0 0.03593 0.21655 0.07166 0.14302
0 0.47300 0.20062 0.11415 0.14738
0 0.26445 0.10937 0.09090 0.10588
0 0.84270 0.52532 0.16743 0.18745
0 0.24885 0.21157 0.10912 0.14962
0 0.03921 0.33938 0.07814 0.18431
0 0.40694 0.05890 0.07657 0.09537
0 0.53330 0.03193 0.03218 0.06315
0 0.51382 0.01881 0.01434 0.03731
0 0.22584 0.17631 0.08295 0.11501
0 0.26385 0.06388 0.08591 0.06285
0 0.57953 0.04540 0.07978 0.09003
0 0.41632 0.02123 0.08593 0.04248
0 0.22740 0.39323 0.15367 0.20519
0 0.27247 0.02702 0.07660 0.05364
